=== Parameter Test ===
population size: 10000
parent number: 5000
======================
Best case: 6166
Average case: 6392.25
Worst case: 6443
Stdev: 56.802404508
Steps: 2.6
Best seq: [14, 5, 57, 69, 9, 44, 59, 82, 92, 24, 38, 48, 32, 19, 62, 49, 87, 39, 52, 97, 72, 51, 23, 76, 94, 31, 10, 27, 55, 43, 1, 81, 99, 56, 64, 95, 2, 74, 91, 61, 73, 89, 34, 37, 96, 67, 70, 30, 0, 80, 21, 63, 88, 28, 83, 42, 3, 78, 75, 66, 84, 35, 12, 60, 90, 93, 36, 16, 4, 15, 47, 45, 41, 25, 18, 65, 50, 98, 8, 79, 17, 77, 54, 53, 29, 68, 7, 85, 71, 22, 46, 20, 13, 11, 6, 58, 40, 26, 33, 86]
