=== Parameter Test ===
population size: 500
parent number: 10
======================
Best case: 6132
Average case: 6170.8
Worst case: 6265
Stdev: 33.4390254202
Steps: 1000.0
Best seq: [96, 34, 60, 64, 2, 40, 0, 69, 62, 94, 30, 56, 20, 81, 16, 43, 66, 49, 67, 6, 26, 83, 28, 19, 14, 10, 95, 55, 21, 78, 87, 59, 89, 88, 50, 37, 72, 36, 9, 97, 71, 31, 68, 1, 23, 3, 79, 12, 98, 58, 45, 80, 11, 53, 13, 35, 63, 82, 17, 4, 73, 57, 54, 24, 92, 70, 22, 18, 52, 65, 39, 76, 90, 84, 48, 91, 32, 8, 7, 51, 47, 99, 44, 75, 5, 29, 33, 86, 41, 85, 38, 27, 77, 61, 46, 42, 93, 15, 25, 74]
