=== Parameter Test ===
population size: 1000
parent number: 750
======================
Best case: 6053
Average case: 6439.1
Worst case: 6504
Stdev: 97.9816846473
Steps: 20.7
Best seq: [69, 38, 14, 57, 5, 23, 59, 91, 50, 96, 82, 36, 33, 54, 76, 1, 83, 11, 67, 19, 42, 34, 30, 94, 85, 20, 7, 97, 79, 40, 26, 0, 28, 86, 80, 61, 49, 24, 74, 62, 35, 93, 39, 87, 72, 13, 18, 8, 95, 84, 37, 90, 77, 60, 92, 46, 21, 12, 32, 15, 99, 64, 9, 48, 43, 73, 68, 47, 3, 78, 70, 53, 2, 6, 55, 98, 65, 81, 89, 56, 52, 27, 31, 71, 4, 75, 63, 58, 51, 16, 66, 45, 44, 41, 29, 88, 10, 17, 25, 22]
