=== Parameter Test ===
Population size = 4
Parent number = 4
======================
Best case: 6284
Average case: 6380.8
Worst case: 6421
Stdev: 32.702164744055835
Steps: 21.55
Best seq: [64, 61, 66, 71, 13, 40, 86, 39, 31, 14, 51, 8, 34, 41, 79, 99, 90, 82, 57, 73, 44, 5, 62, 3, 56, 58, 88, 35, 60, 80, 74, 85, 75, 70, 42, 18, 48, 50, 26, 27, 30, 67, 38, 91, 76, 68, 15, 36, 49, 89, 46, 0, 22, 53, 43, 65, 81, 92, 77, 10, 52, 19, 94, 72, 98, 97, 93, 69, 59, 95, 6, 55, 96, 33, 16, 78, 63, 17, 84, 87, 29, 28, 7, 83, 23, 9, 20, 25, 12, 54, 21, 24, 32, 1, 37, 47, 11, 45, 4, 2]
