=== Parameter Test ===
population size: 10
parent number: 8
======================
Best case: 6003
Average case: 6095.95
Worst case: 6257
Stdev: 69.5636588427
Steps: 1000.0
Best seq: [34, 95, 38, 75, 60, 14, 59, 33, 85, 82, 20, 43, 18, 69, 77, 62, 28, 57, 11, 64, 5, 92, 72, 78, 79, 7, 16, 24, 40, 30, 87, 32, 26, 23, 54, 44, 37, 96, 21, 61, 48, 84, 6, 55, 22, 1, 8, 73, 76, 56, 41, 3, 10, 36, 13, 86, 68, 17, 71, 15, 42, 83, 4, 93, 19, 81, 27, 45, 63, 9, 2, 66, 80, 12, 51, 65, 94, 99, 91, 31, 50, 53, 29, 25, 88, 97, 35, 70, 52, 46, 58, 0, 98, 39, 47, 67, 74, 89, 49, 90]
