=== Parameter Test ===
population size: 500
parent number: 100
======================
Best case: 5999
Average case: 6420.4
Worst case: 6550
Stdev: 178.134307698
Steps: 150.7
Best seq: [34, 19, 60, 66, 59, 5, 43, 56, 88, 0, 77, 63, 95, 42, 62, 37, 20, 65, 55, 3, 4, 79, 82, 45, 23, 9, 52, 85, 73, 51, 49, 92, 94, 16, 12, 40, 33, 87, 46, 93, 57, 32, 69, 15, 38, 72, 13, 99, 36, 17, 18, 30, 14, 75, 61, 54, 76, 91, 80, 50, 8, 84, 81, 98, 71, 47, 10, 7, 78, 70, 22, 86, 89, 31, 48, 53, 1, 39, 58, 26, 44, 28, 35, 11, 6, 27, 74, 96, 67, 25, 41, 21, 83, 97, 68, 29, 64, 2, 24, 90]
