=== Parameter Test ===
population size: 400
parent number: 300
======================
Best case: 6009
Average case: 6453.85
Worst case: 6563
Stdev: 135.467718042
Steps: 53.4
Best seq: [14, 61, 4, 37, 34, 23, 82, 66, 26, 5, 39, 54, 27, 19, 83, 77, 60, 80, 49, 57, 13, 62, 70, 95, 3, 41, 79, 29, 59, 87, 88, 42, 47, 8, 76, 31, 45, 92, 50, 44, 1, 28, 9, 21, 69, 53, 71, 16, 43, 10, 6, 52, 73, 7, 35, 51, 55, 91, 46, 15, 89, 56, 24, 72, 94, 48, 18, 36, 96, 2, 65, 11, 85, 78, 22, 63, 12, 0, 38, 33, 64, 84, 81, 30, 20, 58, 98, 75, 99, 97, 17, 25, 90, 93, 67, 40, 86, 68, 32, 74]
