=== Parameter Test ===
population size: 500
parent number: 250
======================
Best case: 6039
Average case: 6455.55
Worst case: 6537
Stdev: 108.105930019
Steps: 42.5
Best seq: [34, 38, 69, 5, 61, 63, 66, 80, 79, 86, 8, 83, 16, 57, 50, 20, 23, 99, 73, 67, 95, 97, 90, 19, 15, 65, 56, 82, 60, 37, 68, 42, 94, 78, 98, 93, 44, 22, 36, 88, 6, 31, 71, 41, 48, 39, 45, 64, 27, 14, 72, 18, 52, 40, 87, 92, 12, 7, 62, 84, 46, 51, 33, 0, 35, 49, 13, 43, 47, 28, 4, 3, 30, 9, 1, 26, 81, 85, 17, 25, 21, 76, 59, 11, 77, 2, 89, 91, 75, 10, 32, 54, 70, 96, 24, 58, 55, 29, 74, 53]
